0 18.216543 758.735622
1 168.331571 758.735622
2 317.484323 759.697897
3 466.637075 759.697897
4 614.827551 759.697897
5 766.867130 760.660173
6 19.178819 609.582870
7 234.728602 544.148114
8 358.862183 591.299629
9 425.259215 630.752938
10 550.355071 677.904453
11 764.942579 610.545145
12 20.141095 459.467842
13 208.747155 418.089981
14 343.465770 445.033704
15 440.655628 477.751082
16 574.411967 504.694805
17 764.942579 462.354669
18 20.141095 312.239641
19 125.991435 345.919295
20 291.502876 345.919295
21 492.618522 279.522263
22 657.167687 278.559988
23 763.980303 312.239641
24 20.141095 165.011441
25 100.972263 208.313853
26 276.106463 221.785714
27 507.052659 104.388064
28 681.224583 117.859926
29 763.980303 162.124613
30 19.178819 13.934137
31 167.369295 15.858689
32 317.484323 15.858689
33 466.637075 14.896413
34 616.752103 13.934137
35 765.904855 14.896413
