0 21.080910 756.308643
1 38.963912 754.520342
2 57.741064 754.520342
3 76.518216 756.308643
4 93.507068 756.308643
5 113.178370 755.414493
6 132.849672 755.414493
7 150.732674 755.414493
8 169.509826 756.308643
9 187.392828 754.520342
10 206.169980 755.414493
11 224.947133 755.414493
12 242.830134 756.308643
13 261.607287 756.308643
14 282.172739 754.520342
15 300.055741 754.520342
16 317.044593 756.308643
17 335.821745 754.520342
18 355.493047 755.414493
19 376.058499 754.520342
20 391.259051 754.520342
21 409.142053 754.520342
22 427.919205 754.520342
23 446.696357 755.414493
24 464.579359 756.308643
25 485.144811 757.202793
26 502.133663 755.414493
27 519.122515 755.414493
28 539.687967 755.414493
29 555.782669 754.520342
30 577.242271 756.308643
31 594.231123 756.308643
32 613.008275 758.096943
33 630.891277 755.414493
34 650.562579 756.308643
35 670.233881 755.414493
36 688.116883 755.414493
37 707.788185 756.308643
38 726.565337 756.308643
39 743.554189 752.732042
40 762.331341 755.414493
41 21.975060 739.319791
42 39.858062 737.531491
43 59.529364 737.531491
44 78.306516 736.637341
45 98.871969 735.743190
46 117.649121 733.954890
47 138.214573 733.954890
48 158.780025 731.272440
49 177.557177 730.378290
50 195.440179 731.272440
51 212.429031 733.060740
52 230.312033 733.060740
53 249.089185 735.743190
54 266.078037 736.637341
55 284.855189 734.849040
56 303.632341 737.531491
57 320.621193 737.531491
58 338.504195 737.531491
59 356.387197 737.531491
60 372.481899 738.425641
61 389.470750 739.319791
62 407.353752 740.213941
63 425.236754 739.319791
64 442.225606 742.002241
65 459.214458 742.002241
66 477.097460 742.896391
67 496.768762 742.896391
68 515.545914 744.684691
69 531.640616 744.684691
70 553.100218 746.472992
71 570.983220 746.472992
72 586.183772 747.367142
73 603.172624 747.367142
74 624.632226 748.261292
75 645.197678 744.684691
76 665.763131 744.684691
77 687.222733 744.684691
78 703.317435 742.896391
79 724.777037 741.108091
80 746.236639 740.213941
81 763.225491 740.213941
82 21.975060 720.542639
83 40.752212 719.648489
84 60.423515 717.860188
85 81.883117 715.177738
86 101.554419 712.495288
87 123.014021 710.706988
88 143.579474 707.130387
89 165.039076 705.342087
90 184.710378 702.659637
91 203.487530 706.236237
92 220.476382 707.130387
93 239.253534 708.918688
94 256.242386 708.918688
95 273.231238 709.812838
96 291.114240 713.389438
97 311.679692 714.283588
98 326.880244 716.071888
99 343.869096 717.860188
100 358.175497 720.542639
101 375.164349 720.542639
102 393.047351 721.436789
103 408.247903 723.225089
104 424.342604 723.225089
105 441.331456 725.013389
106 457.426158 725.013389
107 472.626710 727.695840
108 491.403862 729.484140
109 509.286864 730.378290
110 527.169866 733.060740
111 545.052867 734.849040
112 561.147569 733.954890
113 579.030571 735.743190
114 596.913573 735.743190
115 617.479025 736.637341
116 637.150328 733.954890
117 657.715780 730.378290
118 679.175382 728.589990
119 702.423285 726.801689
120 721.200437 724.119239
121 743.554189 722.330939
122 762.331341 721.436789
123 20.186760 701.765487
124 41.646362 701.765487
125 64.000115 696.400586
126 85.459717 691.929836
127 107.813470 690.141535
128 126.590622 685.670785
129 149.838524 683.882485
130 169.509826 680.305884
131 192.757729 675.835134
132 208.852431 679.411734
133 228.523733 682.094185
134 246.406735 684.776635
135 264.289737 685.670785
136 280.384439 688.353235
137 298.267441 691.929836
138 315.256292 694.612286
139 331.350994 694.612286
140 346.551546 696.400586
141 363.540398 699.083036
142 376.952649 700.871337
143 390.364901 702.659637
144 405.565452 704.447937
145 422.554304 705.342087
146 435.072405 708.918688
147 448.484657 709.812838
148 468.155959 711.601138
149 486.038961 714.283588
150 503.921963 716.966038
151 519.122515 718.754339
152 537.899667 720.542639
153 556.676819 724.119239
154 572.771521 725.013389
155 586.183772 727.695840
156 611.219975 725.907539
157 632.679577 720.542639
158 654.139179 717.860188
159 676.492932 716.071888
160 698.846684 712.495288
161 721.200437 708.918688
162 741.765889 705.342087
163 762.331341 703.553787
164 21.080910 683.882485
165 42.540513 680.305884
166 64.894265 675.835134
167 86.353867 672.258534
168 110.495920 666.893633
169 132.849672 663.317033
170 154.309275 657.952132
171 178.451327 653.481381
172 202.593380 650.798931
173 219.582232 651.693081
174 235.676934 654.375532
175 250.877485 658.846282
176 269.654637 662.422882
177 286.643489 665.105333
178 303.632341 668.681933
179 320.621193 670.470233
180 336.715895 674.046834
181 351.916446 677.623434
182 365.328698 680.305884
183 376.952649 682.988335
184 393.047351 683.882485
185 405.565452 686.564935
186 418.083554 687.459085
187 431.495805 692.823986
188 444.908057 693.718136
189 461.896908 696.400586
190 477.097460 699.083036
191 494.980462 702.659637
192 511.075164 704.447937
193 529.852316 709.812838
194 547.735318 711.601138
195 563.830020 716.071888
196 579.030571 716.966038
197 602.278474 714.283588
198 625.526376 708.918688
199 648.774279 705.342087
200 671.128031 700.871337
201 694.375934 697.294736
202 718.517986 692.823986
203 739.977589 687.459085
204 763.225491 685.670785
205 20.186760 665.105333
206 40.752212 659.740432
207 66.682565 655.269682
208 89.930468 648.116481
209 116.754971 643.645730
210 140.002873 638.280830
211 165.039076 632.915929
212 184.710378 628.445179
213 208.852431 623.080278
214 227.629583 627.551029
215 241.935984 630.233479
216 258.924836 632.915929
217 274.125388 639.174980
218 292.902540 642.751580
219 308.997242 645.434031
220 326.880244 649.904781
221 342.080795 653.481381
222 355.493047 656.163832
223 366.222848 658.846282
224 378.740949 662.422882
225 391.259051 665.999483
226 402.883002 669.576083
227 416.295253 672.258534
228 427.025055 674.940984
229 439.543156 676.729284
230 456.532008 680.305884
231 473.520860 685.670785
232 489.615561 689.247385
233 506.604413 692.823986
234 522.699115 695.506436
235 537.899667 701.765487
236 556.676819 705.342087
237 571.877370 706.236237
238 596.913573 704.447937
239 619.267326 699.083036
240 644.303528 691.929836
241 667.551431 687.459085
242 691.693484 681.200034
243 715.835536 675.835134
244 738.189289 670.470233
245 763.225491 665.999483
246 20.186760 647.222331
247 44.328813 640.963280
248 70.259166 635.598379
249 93.507068 628.445179
250 118.543271 624.868578
251 143.579474 615.032927
252 169.509826 607.879726
253 191.863579 602.514826
254 216.005632 595.361625
255 235.676934 599.832376
256 251.771635 606.091426
257 268.760487 609.668027
258 283.066889 614.138777
259 300.949891 619.503678
260 316.150442 623.080278
261 332.245144 627.551029
262 348.339846 632.915929
263 358.175497 635.598379
264 370.693598 640.069130
265 380.529250 644.539880
266 390.364901 647.222331
267 401.988852 649.904781
268 411.824503 654.375532
269 423.448454 657.057982
270 435.966556 661.528732
271 451.167107 666.893633
272 469.050109 670.470233
273 482.462361 674.940984
274 499.451213 679.411734
275 514.651764 682.988335
276 532.534766 688.353235
277 548.629468 692.823986
278 563.830020 696.400586
279 588.866222 691.929836
280 615.690725 685.670785
281 638.044478 680.305884
282 664.868981 673.152684
283 689.011033 665.999483
284 711.364786 658.846282
285 737.295138 653.481381
286 764.119641 647.222331
287 21.080910 627.551029
288 45.222963 620.397828
289 71.153316 613.244627
290 97.977819 606.091426
291 123.908171 598.044075
292 150.732674 591.785025
293 175.768877 583.737674
294 199.910930 574.796173
295 226.735433 567.642972
296 241.041834 574.796173
297 258.030686 578.372773
298 273.231238 585.525974
299 287.537639 589.996725
300 305.420641 596.255775
301 322.409493 600.726526
302 338.504195 606.091426
303 353.704747 611.456327
304 362.646248 615.032927
305 372.481899 619.503678
306 383.211700 623.974428
307 392.153201 628.445179
308 400.200552 631.127629
309 410.036203 636.492530
310 418.977704 640.963280
311 428.813355 644.539880
312 445.802207 649.904781
313 460.108608 654.375532
314 476.203310 660.634582
315 492.298012 665.999483
316 509.286864 672.258534
317 524.487415 676.729284
318 539.687967 682.094185
319 553.994368 686.564935
320 581.713021 682.094185
321 607.643374 674.046834
322 634.467877 665.105333
323 659.504080 657.057982
324 685.434433 649.010631
325 713.153086 643.645730
326 737.295138 635.598379
327 764.119641 628.445179
328 21.080910 609.668027
329 46.117113 601.620676
330 73.835766 592.679175
331 101.554419 584.631824
332 127.484772 574.796173
333 153.415125 567.642972
334 180.239628 558.701471
335 209.746581 549.759970
336 234.782784 544.395070
337 250.877485 547.971670
338 266.078037 554.230721
339 280.384439 559.595621
340 296.479140 564.960522
341 310.785542 572.113723
342 326.880244 578.372773
343 342.974945 583.737674
344 357.281347 589.996725
345 365.328698 593.573325
346 373.376049 598.044075
347 382.317550 604.303126
348 390.364901 609.668027
349 400.200552 614.138777
350 408.247903 619.503678
351 415.401103 623.974428
352 425.236754 626.656879
353 440.437306 635.598379
354 454.743708 640.963280
355 469.944259 646.328181
356 485.144811 651.693081
357 500.345363 659.740432
358 518.228365 666.893633
359 530.746466 671.364383
360 547.735318 676.729284
361 574.559821 671.364383
362 602.278474 661.528732
363 628.208827 654.375532
364 655.033330 644.539880
365 681.857832 638.280830
366 710.470636 628.445179
367 738.189289 618.609528
368 762.331341 611.456327
